84
80
6
83
81
7
9
82
8
89
85
10
88
86
11
13
87
12
94
90
14
93
91
15
17
92
16
341
99
95
18
98
96
19
21
97
20
64684
105
101
23
104
102
24
26
103
25
110
106
27
109
107
28
30
108
29
64708
116
112
32
115
113
33
35
114
34
121
117
36
120
118
38
39
119
37
64735
127
123
41
126
124
42
44
125
43
132
128
45
131
129
46
48
130
47
64760
139
135
50
138
136
51
53
137
52
144
140
54
143
141
55
57
142
56
149
145
58
148
146
59
61
147
60
64784
154
150
64
153
151
65
67
152
66
159
155
68
158
156
69
71
157
70
64800
164
161
73
163
162
74
75
169
165
76
168
166
77
79
167
78
64824
572
565
568
571
566
569
573
567
570
64848
429
425
396
428
426
397
399
427
398
434
430
400
433
431
401
403
432
402
438
435
404
437
436
405
406
443
439
407
442
440
408
410
441
409
64872
449
445
412
448
446
413
415
414
447
454
450
416
453
451
417
419
452
418
459
455
420
458
456
421
423
457
422
64896
589
582
585
588
583
586
590
584
587
64920
612
608
595
611
609
596
598
610
597
617
613
599
616
614
600
602
615
601
622
618
603
621
619
604
606
620
605
64944
76044
784
785
786
787
788
789
790
791
792
793
794
795
93256
7808
2026
2017
2025
2027
2015
7807
2028
2016
826
822
798
829
825
823
799
801
824
800
93135
93136
93137
93138
93139
93140
93141
93142
93143
93152
93144
93145
93146
93147
93148
93149
93150
93151
93158
93153
93154
93155
7821
2021
2019
2024
2022
2020
25121
2023
2018
65199
834
830
802
833
831
803
25119
832
804
838
835
806
837
836
807
808
65204
845
841
810
844
842
811
813
843
812
65207
850
847
815
849
848
816
854
851
818
853
852
819
65211
49739
49742
49741
49740
667
668
658
666
669
659
661
670
660
675
671
654
674
672
655
657
673
656
680
676
650
679
677
651
653
678
652
64970
685
682
646
684
2969
2970
648
683
647
690
686
642
689
687
643
645
688
644
695
691
638
694
692
639
641
693
640
64990
701
697
633
700
698
634
699
635
65014
48796
48797
48795
5364
5360
5363
5365
5361
5362
63047
74897
74898
4046
4044
3998
4047
4045
3997
3999
4049
4048
4001
4052
4050
4002
4000
4051
4003
4043
3996
4055
4056
4006
4054
4057
4007
4005
4058
4008
4059
4060
4010
4063
4061
4011
4009
4062
4012
4064
4065
4014
4068
4069
4015
4013
4067
4016
4053
4004
4073
4074
4020
4072
4075
4019
4018
4071
4021
4080
4077
4023
4079
4078
4024
4022
4076
4025
4084
4085
4029
4083
4081
4028
4027
4082
4026
4070
4017
4091
4087
4032
4090
4088
4033
4031
4089
4034
4095
4094
4036
4096
4092
4037
4035
4093
4038
4098
4097
4041
4101
4100
4042
4040
4099
4039
4086
4030
5214
5212
5196
5215
5213
5197
5195
5211
5194
5220
5217
5177
5219
5218
5178
5176
76745
76746
5223
5221
5179
5222
5224
5181
5180
96483
96484
5227
5225
5183
5228
5226
5184
5182
96486
96485
5216
5175
5232
5233
5186
5231
5230
5188
5187
5234
5189
5237
5235
5191
5239
5236
5192
5190
5238
5193
5229
5185
5244
5241
5200
5245
5242
5201
5199
5243
5202
5249
5246
5204
5250
5247
5205
5203
5248
5206
5254
5251
5208
5255
5252
5209
5207
5253
5210
5240
5198
5303
5304
5270
5305
5302
5271
5269
5309
5306
5273
5310
5307
5274
5272
5308
5275
5314
5311
5278
5313
5312
5277
5276
5317
5315
5280
5319
5316
5281
5279
5318
5282
5301
5268
5300
5296
5285
5298
5297
5286
5284
5299
5287
5294
5291
5288
5293
5292
5290
5289
5357
5358
5295
5283
6575
6574
6544
6576
6577
6545
6543
6578
6546
6915
6916
6570
6572
6550
6571
6573
6549
6548
6569
6547
6568
6565
6554
6566
6567
6553
6552
6561
6560
6556
6563
6559
6557
6555
6562
6581
6564
6551
47234
47235
47236
47237
47238
47240
47241
47242
11190
11188
11201
11191
11189
11202
11203
19257
19256
11195
11193
11198
11196
11194
11199
11197
11192
11200
11187
11184
11205
11186
11185
11206
11204
30161
30160
30164
30162
30157
30163
30158
30159
30165
30155
30156
49826
49828
49827
9177
9266
9224
9267
9268
9225
9223
9269
9226
9172
9222
9182
9179
9229
9180
9181
9230
9228
9183
9231
9184
9185
9233
9187
9186
9234
9232
9188
9235
9178
9227
9191
9194
9238
9192
9190
9239
9237
9193
9240
9189
9236
9197
9198
9243
9200
9196
9244
9242
9199
9245
12298
12295
9247
12296
12294
9248
9246
12297
9249
9195
9241
9218
9220
9252
9219
9217
9253
9251
9221
9254
9216
9250
49774
49776
49775
49777
49773
1513
1509
1495
1512
1510
1496
1498
1511
1497
1519
1515
1499
1518
1516
1500
1502
1517
1501
1548
1521
1547
1525
1522
1504
1506
1523
1505
78658
78659
1809
1805
1788
1808
1806
1789
1791
1807
1790
1813
1810
1792
1812
1811
1793
1794
78663
78662
2007
2006
1990
2008
2005
1991
1993
2004
1992
2001
2000
1995
2002
1998
1996
1994
1999
1997
78667
78666
2045
2042
2033
2044
2046
2035
2032
2043
2034
2049
2047
2036
2051
2050
2038
2037
2048
2039
78670
78671
1819
1815
1796
1818
1816
1797
1799
1817
1798
1824
1820
1800
1823
1821
1801
1803
1822
1802
78674
78675
1530
1526
1539
1529
1527
1540
1542
1528
1541
1535
1531
1543
1534
1532
1544
1546
1533
1545
78678
78679
8319
8320
8328
8323
8321
8329
8327
8322
8330
8317
8318
8332
8316
8315
8333
8331
78682
78683
23369
23370
23435
23372
23373
23437
23434
23371
23436
23377
23374
23432
23375
23376
23433
23431
23368
23430
23381
23379
23440
23383
23382
23441
23439
23380
23442
23378
23438
29381
29375
29379
29377
29378
29380
29376
29373
29374
23396
96423
96426
23395
96424
96425
23452
23392
23390
23448
23394
23391
23450
23449
23393
23451
23388
23385
23445
23389
23386
23446
23444
23387
23447
23384
23443
23405
23404
23459
23403
23406
23460
23458
23407
23461
23402
23398
23455
23400
23401
23456
23454
23399
23457
23397
23453
23412
23409
23464
23413
23411
23465
23463
23410
23466
23408
23462
24516
24508
24511
24515
24509
24513
24512
24510
24514
24525
24517
24522
24520
24519
24524
24521
24518
24523
24506
24507
38269
38262
38265
38268
38263
38266
38264
38261
38267
38258
38254
38257
38260
38256
38259
38255
38252
38253
39321
39315
39318
39319
39316
39320
39317
39311
39306
39308
39309
39307
39312
39310
39313
39314
34836
34829
34831
34832
34833
34834
34828
34835
34830
34826
34824
34821
34822
34819
34823
34837
34820
34825
34817
34818
23422
23419
23423
23421
23420
23425
23424
23418
23416
23428
23415
23417
23429
23427
23414
23426
41301
41295
41298
41297
41296
41299
41300
41308
41304
41306
41307
41490
41491
41305
41313
41309
41312
41315
41310
41314
41311
41302
41303
47395
47403
47396
47404
47397
47408
47398
47405
47399
47406
47400
47407
47401
47402
9033
9036
8971
9035
9034
8972
8970
9037
8973
9039
9270
9271
9040
9038
8975
8974
9041
8976
9032
8969
9023
9022
8979
9026
9024
8980
8978
9025
8981
9028
9029
8983
9031
9027
8984
8982
9030
8985
9021
8977
9011
9012
8988
9015
9013
8989
8987
9014
8990
9016
9017
8992
9020
9018
8993
8991
9019
8994
9010
8986
9006
9007
8997
9005
9004
8998
8996
9008
8999
9003
8995
9002
9274
9278
9001
9275
9277
9276
9272
9000
47466
47469
47467
47468
47465
47470
43918
43915
43914
43917
43912
43916
43913
43925
43919
43921
43924
43920
43922
43923
43926
43927
31621
31620
31627
31619
31618
31628
31626
31617
31614
31624
31616
31615
31625
31623
31613
31622
31609
31608
31634
31611
31610
31635
31633
31604
31605
31631
31607
31606
31632
31630
31603
31629
42516
42512
42518
42514
42515
42517
42513
42509
42503
42506
42508
42504
42507
42505
42510
42511
33014
33008
33011
33009
33010
33013
33012
33005
33001
33004
33006
33002
33007
33003
32999
33000
38423
38419
38420
38421
38418
38422
38417
38415
38416
47471
47476
47474
47475
47473
47472
9284
9282
9341
9280
9283
9342
9340
9281
9343
9285
17972
17974
9286
17975
17973
9339
9279
9338
9290
9288
9336
9291
9289
9337
9335
9292
9293
9333
9295
9294
9334
9332
9287
9331
9298
9297
9323
9300
9299
9324
9322
9301
9302
9327
9304
9303
9326
50109
9305
9307
9329
9306
9308
9330
9328
9296
9321
9314
9312
9318
9311
9313
9319
9317
9310
20489
20491
9309
20490
20488
9320
9315
9316
47762
47766
47765
47764
47761
47763
